0.000000@mat4x4((1.000000, 0.000000, 0.000000, 0.000000), (0.000000, 1.000000, 0.000000, 0.000000), (0.000000, 0.000000, 1.000000, 0.000000), (0.000000, 0.000000, 0.000000, 1.000000))@mat4x4((1.000000, 0.000000, 0.000000, 0.000000), (0.000000, 1.000000, 0.000000, 0.000000), (0.000000, 0.000000, 1.000000, 0.000000), (0.000000, 0.000000, 0.000000, 1.000000))@mat4x4((1.000000, -0.000000, 0.000000, 0.000000), (0.000000, 1.000000, 0.000000, 0.000000), (-0.000000, -0.000000, 1.000000, 0.000000), (0.000000, 0.000000, 0.000000, 1.000000))@mat4x4((0.594537, -0.130980, -0.793329, 0.000000), (-0.114644, 0.962755, -0.244869, 0.000000), (0.795854, 0.236534, 0.557377, 0.000000), (14.101757, -17.440361, 11.606415, 1.000000))@mat4x4((1.000000, -0.000000, 0.000000, 0.000000), (0.000000, 1.000000, 0.000000, 0.000000), (-0.000000, -0.000000, 1.000000, 0.000000), (0.000000, 0.000000, 0.000000, 1.000000))@mat4x4((1.000000, -0.000000, 0.000000, 0.000000), (0.000000, 1.000000, 0.000000, 0.000000), (-0.000000, -0.000000, 1.000000, 0.000000), (0.000000, 0.000000, 0.000000, 1.000000))@mat4x4((-0.226692, 0.349987, -0.908912, 0.000000), (0.937348, -0.175086, -0.301203, 0.000000), (-0.264554, -0.920247, -0.288369, 0.000000), (-35.106720, 111.716415, 85.556656, 1.000000))@mat4x4((0.772368, 0.067418, -0.631588, 0.000000), (-0.349006, 0.875842, -0.333308, 0.000000), (0.530700, 0.477865, 0.700002, 0.000000), (165.021683, -23.642155, 98.287308, 1.000000))@mat4x4((0.872796, -0.364152, -0.324994, 0.000000), (-0.085755, -0.769906, 0.632370, 0.000000), (-0.480493, -0.524059, -0.703198, 0.000000), (16.943895, 218.466034, -51.641922, 1.000000))@mat4x4((0.209744, -0.032862, -0.977204, 0.000000), (-0.071381, 0.996254, -0.048823, 0.000000), (0.975147, 0.079995, 0.206612, 0.000000), (-20.404936, -1.156436, -9.625228, 1.000000))@mat4x4((0.762278, 0.023763, -0.646813, 0.000000), (-0.067065, 0.996847, -0.042413, 0.000000), (0.643766, 0.075709, 0.761468, 0.000000), (-0.234097, -0.974464, 13.541756, 1.000000))@mat4x4((0.606941, -0.175678, -0.775087, 0.000000), (-0.135781, 0.938003, -0.318928, 0.000000), (0.783062, 0.298813, 0.545459, 0.000000), (16.376257, -14.790284, 19.576883, 1.000000))@mat4x4((0.413597, -0.503020, -0.758887, 0.000000), (0.403529, 0.848458, -0.342467, 0.000000), (0.816151, -0.164589, 0.553903, 0.000000), (-36.918758, -9.683702, 21.216663, 1.000000))@mat4x4((0.513219, 0.463455, -0.722370, 0.000000), (0.422203, 0.596456, 0.682632, 0.000000), (0.747230, -0.655325, 0.110440, 0.000000), (-36.302330, 12.585831, -77.184128, 1.000000))@mat4x4((0.612097, 0.337119, -0.715324, 0.000000), (-0.253742, 0.940475, 0.226104, 0.000000), (0.748967, 0.043111, 0.661203, 0.000000), (-1.832101, -5.136983, -54.049843, 1.000000))@mat4x4((0.657411, 0.321344, -0.681579, 0.000000), (0.436008, 0.575501, 0.691879, 0.000000), (0.614580, -0.752022, 0.238232, 0.000000), (-38.845470, 15.918964, -78.488708, 1.000000))@mat4x4((0.663848, 0.350330, -0.660739, 0.000000), (-0.257503, 0.936547, 0.237851, 0.000000), (0.702138, 0.012246, 0.711935, 0.000000), (-2.287392, -5.057165, -55.548477, 1.000000))@mat4x4((0.758754, 0.024890, -0.650902, 0.000000), (-0.067476, 0.996898, -0.040535, 0.000000), (0.647873, 0.074676, 0.758079, 0.000000), (-6.029404, -0.813177, -52.341217, 1.000000))@mat4x4((0.766198, 0.026068, -0.642076, 0.000000), (-0.086470, 0.994272, -0.062818, 0.000000), (0.636760, 0.103651, 0.764063, 0.000000), (-6.201516, -0.583990, -52.385727, 1.000000))@mat4x4((0.337038, -0.454360, -0.824599, 0.000000), (-0.183732, 0.827262, -0.530924, 0.000000), (0.923390, 0.330447, 0.195338, 0.000000), (-7.029837, -8.750657, 30.931759, 1.000000))@mat4x4((0.499919, -0.514269, -0.696856, 0.000000), (0.391548, 0.851898, -0.347794, 0.000000), (0.772510, -0.098984, 0.627241, 0.000000), (-34.973476, -10.141595, 22.247997, 1.000000))@mat4x4((0.324084, -0.460988, -0.826111, 0.000000), (-0.182009, 0.826545, -0.532632, 0.000000), (0.928355, 0.322977, 0.183966, 0.000000), (-7.314547, -8.792443, 31.021545, 1.000000))@mat4x4((0.207410, -0.033054, -0.977696, 0.000000), (-0.071095, 0.996277, -0.048765, 0.000000), (0.975667, 0.079623, 0.204288, 0.000000), (-11.182591, -1.804894, 21.753469, 1.000000))@mat4x4((0.206169, -0.032079, -0.977991, 0.000000), (-0.072570, 0.996209, -0.047975, 0.000000), (0.975822, 0.080864, 0.203059, 0.000000), (-11.199159, -1.776643, 21.735720, 1.000000))@mat4x4((0.610222, -0.254163, -0.750354, 0.000000), (-0.198410, 0.867927, -0.455343, 0.000000), (0.766983, 0.426738, 0.479199, 0.000000), (24.334044, -6.106584, 36.976330, 1.000000))@mat4x4((0.613294, -0.329539, -0.717827, 0.000000), (-0.210387, 0.807821, -0.550602, 0.000000), (0.761320, 0.488702, 0.426100, 0.000000), (26.025312, 2.088987, 50.506992, 1.000000))@mat4x4((0.791706, -0.285487, -0.540091, 0.000000), (-0.139015, 0.776702, -0.614336, 0.000000), (0.594875, 0.561454, 0.575233, 0.000000), (16.293612, 6.789357, 60.471519, 1.000000))@mat4x4((0.568325, -0.194556, -0.799472, 0.000000), (-0.340376, 0.829015, -0.443710, 0.000000), (0.749100, 0.524292, 0.404927, 0.000000), (46.007523, -1.747942, 34.617752, 1.000000))@mat4x4((0.850610, -0.168573, -0.498042, 0.000000), (-0.029147, 0.930639, -0.364776, 0.000000), (0.524988, 0.324799, 0.786698, 0.000000), (-0.945474, -16.165237, 19.330582, 1.000000))@mat4x4((0.904004, 0.290696, -0.313485, 0.000000), (-0.350379, 0.923921, -0.153640, 0.000000), (0.244973, 0.248729, 0.937082, 0.000000), (53.337517, -14.750747, -16.208767, 1.000000))@mat4x4((0.464390, 0.099831, -0.879986, 0.000000), (0.508330, 0.783608, 0.357155, 0.000000), (0.725219, -0.613183, 0.313153, 0.000000), (-78.841179, 10.869152, -82.809563, 1.000000))@mat4x4((0.483378, 0.042331, -0.874388, 0.000000), (0.454588, -0.865740, 0.209393, 0.000000), (-0.748128, -0.498702, -0.437722, 0.000000), (-54.326572, 223.155060, -54.669491, 1.000000))@mat4x4((0.180351, 0.208508, -0.961249, 0.000000), (0.251827, 0.934913, 0.250043, 0.000000), (0.950819, -0.287164, 0.116104, 0.000000), (-37.649460, -16.844511, -63.440235, 1.000000))@mat4x4((0.869944, -0.377418, -0.317419, 0.000000), (-0.100406, -0.765726, 0.635282, 0.000000), (-0.482822, -0.520789, -0.704033, 0.000000), (-14.734672, 235.680450, -133.531418, 1.000000))@mat4x4((0.483378, 0.042331, -0.874388, 0.000000), (0.454587, -0.865740, 0.209392, 0.000000), (-0.748128, -0.498701, -0.437722, 0.000000), (-54.535839, 223.108582, -54.585289, 1.000000))@mat4x4((0.786665, -0.336743, -0.517458, 0.000000), (0.139560, -0.719462, 0.680366, 0.000000), (-0.601399, -0.607437, -0.518979, 0.000000), (-35.894585, 227.253693, -124.041031, 1.000000))@mat4x4((0.623272, 0.108568, -0.774432, 0.000000), (0.614633, -0.680288, 0.399293, 0.000000), (-0.483486, -0.724860, -0.490733, 0.000000), (-73.470146, 194.193451, -78.211861, 1.000000))@mat4x4((0.025963, 0.459672, -0.887709, 0.000000), (0.923194, -0.351652, -0.155091, 0.000000), (-0.383455, -0.815502, -0.433496, 0.000000), (-66.621803, 139.287018, -14.981701, 1.000000))@mat4x4((0.482746, 0.332242, -0.810291, 0.000000), (0.791661, -0.561184, 0.241546, 0.000000), (-0.374471, -0.758082, -0.533932, 0.000000), (-81.987274, 167.991943, -60.190445, 1.000000))@mat4x4((0.973457, -0.228732, -0.008066, 0.000000), (-0.110246, -0.499496, 0.859273, 0.000000), (-0.200571, -0.835575, -0.511455, 0.000000), (-18.851179, 197.011429, -174.637558, 1.000000))@mat4x4((0.949857, -0.312056, 0.019833, 0.000000), (-0.150315, -0.400081, 0.904069, 0.000000), (-0.274185, -0.861717, -0.426927, 0.000000), (-13.965481, 191.005081, -180.346329, 1.000000))@mat4x4((0.886691, -0.452785, 0.093628, 0.000000), (-0.201044, -0.195207, 0.959936, 0.000000), (-0.416367, -0.869989, -0.264118, 0.000000), (-6.666013, 178.002609, -188.625076, 1.000000))@mat4x4((-0.379556, 0.650292, -0.658072, 0.000000), (0.924520, 0.239963, -0.296109, 0.000000), (-0.034644, -0.720790, -0.692287, 0.000000), (-36.778595, 67.441544, -17.366306, 1.000000))@mat4x4((-0.734739, 0.526494, -0.427741, 0.000000), (0.677851, 0.594027, -0.433187, 0.000000), (0.026020, -0.608224, -0.793339, 0.000000), (11.180231, 42.325336, -20.237629, 1.000000))@mat4x4((-0.677981, 0.571212, -0.462665, 0.000000), (0.705442, 0.328679, -0.627951, 0.000000), (-0.206624, -0.752122, -0.625794, 0.000000), (1.634967, 63.934029, 4.279109, 1.000000))@mat4x4((-0.962352, 0.269761, 0.033288, 0.000000), (0.188408, 0.750321, -0.633657, 0.000000), (-0.195912, -0.603529, -0.772897, 0.000000), (71.091110, 43.244148, -28.598789, 1.000000))@mat4x4((-0.123328, 0.626581, -0.769537, 0.000000), (0.976850, -0.059939, -0.205358, 0.000000), (-0.174799, -0.777048, -0.604683, 0.000000), (-58.181824, 97.657784, -18.872730, 1.000000))@mat4x4((-0.683229, 0.564297, -0.463429, 0.000000), (0.729329, 0.496309, -0.470911, 0.000000), (-0.035730, -0.659732, -0.750650, 0.000000), (4.359522, 49.238979, -15.062939, 1.000000))@mat4x4((0.447027, 0.329864, -0.831479, 0.000000), (0.794522, -0.573477, 0.199648, 0.000000), (-0.410977, -0.749876, -0.518444, 0.000000), (-78.106911, 168.298294, -55.413414, 1.000000))@mat4x4((-0.472401, 0.609011, -0.637137, 0.000000), (0.874732, 0.235307, -0.423645, 0.000000), (-0.108081, -0.757455, -0.643880, 0.000000), (-23.061804, 71.643677, -8.851987, 1.000000))@mat4x4((0.580888, -0.151376, -0.799785, 0.000000), (-0.456728, 0.752693, -0.474187, 0.000000), (0.673772, 0.640733, 0.368092, 0.000000), (59.309902, 11.979345, 36.899601, 1.000000))@mat4x4((0.583629, 0.283093, -0.761076, 0.000000), (-0.702880, 0.645451, -0.298917, 0.000000), (0.406616, 0.709402, 0.575684, 0.000000), (94.325722, 41.851494, 13.278281, 1.000000))@mat4x4((0.382545, -0.313020, -0.869297, 0.000000), (-0.229804, 0.879060, -0.417664, 0.000000), (0.894902, 0.359543, 0.264347, 0.000000), (19.720078, -7.046846, 28.223555, 1.000000))@mat4x4((0.771088, 0.075344, -0.632255, 0.000000), (-0.354685, 0.875475, -0.328240, 0.000000), (0.528792, 0.477354, 0.701792, 0.000000), (66.061234, 4.493361, 23.775282, 1.000000))@mat4x4((0.583629, 0.283093, -0.761076, 0.000000), (-0.702881, 0.645451, -0.298917, 0.000000), (0.406615, 0.709402, 0.575684, 0.000000), (94.348595, 41.862518, 13.261302, 1.000000))@mat4x4((0.817067, -0.047806, -0.574557, 0.000000), (-0.170932, 0.931665, -0.320597, 0.000000), (0.550621, 0.360159, 0.753062, 0.000000), (50.060230, -9.877488, 26.962444, 1.000000))@mat4x4((0.777685, 0.081268, -0.623380, 0.000000), (-0.350205, 0.879501, -0.322233, 0.000000), (0.522076, 0.468906, 0.712435, 0.000000), (66.020912, 4.437766, 23.761702, 1.000000))@mat4x4((0.568322, 0.177003, -0.803542, 0.000000), (-0.598451, 0.759143, -0.256044, 0.000000), (0.564683, 0.626396, 0.537365, 0.000000), (78.204887, 22.971821, 5.376059, 1.000000))@mat4x4((0.718630, 0.134347, -0.682292, 0.000000), (-0.494626, 0.788409, -0.365727, 0.000000), (0.488790, 0.600302, 0.633026, 0.000000), (77.034058, 17.543997, 24.245918, 1.000000))@mat4x4((0.948455, -0.010522, -0.316739, 0.000000), (-0.164658, 0.837596, -0.520885, 0.000000), (0.270780, 0.546189, 0.792689, 0.000000), (54.812550, 3.910611, 63.003742, 1.000000))@mat4x4((0.948454, -0.010523, -0.316740, 0.000000), (-0.164659, 0.837595, -0.520886, 0.000000), (0.270781, 0.546191, 0.792687, 0.000000), (54.818989, 3.916074, 63.008995, 1.000000))@mat4x4((0.948454, -0.010522, -0.316740, 0.000000), (-0.164659, 0.837596, -0.520885, 0.000000), (0.270780, 0.546190, 0.792688, 0.000000), (54.825512, 3.920903, 63.010983, 1.000000))@mat4x4((0.683769, 0.214067, -0.697593, 0.000000), (-0.589027, 0.726204, -0.354508, 0.000000), (0.430706, 0.653303, 0.622646, 0.000000), (83.910011, 29.184069, 22.077608, 1.000000))@mat4x4((0.511020, 0.437391, -0.739965, 0.000000), (-0.791978, 0.574196, -0.207534, 0.000000), (0.334112, 0.692090, 0.639829, 0.000000), (91.377556, 58.955700, 5.187445, 1.000000))@mat4x4((0.391631, 0.401593, -0.827858, 0.000000), (-0.780831, 0.621016, -0.068130, 0.000000), (0.486752, 0.673099, 0.556785, 0.000000), (84.788567, 51.602501, -15.024588, 1.000000))@mat4x4((0.168519, 0.579231, -0.797554, 0.000000), (-0.899006, 0.422125, 0.116616, 0.000000), (0.404215, 0.697354, 0.591868, 0.000000), (81.299255, 82.854767, -30.947592, 1.000000))@mat4x4((0.763482, 0.145131, -0.629311, 0.000000), (-0.405865, 0.865784, -0.292730, 0.000000), (0.502363, 0.478909, 0.719914, 0.000000), (70.509941, 10.113738, 20.470112, 1.000000))@mat4x4((0.637062, 0.398154, -0.660019, 0.000000), (-0.646876, 0.741796, -0.176891, 0.000000), (0.419169, 0.539641, 0.730126, 0.000000), (84.598000, 39.487465, 7.336294, 1.000000))@mat4x4((0.816382, 0.050560, -0.575295, 0.000000), (-0.223466, 0.946218, -0.233954, 0.000000), (0.532525, 0.319554, 0.783774, 0.000000), (55.135979, -5.295495, 18.489466, 1.000000))@mat4x4((0.728567, 0.319605, -0.605841, 0.000000), (-0.491101, 0.860304, -0.136740, 0.000000), (0.477504, 0.397153, 0.783747, 0.000000), (74.830879, 21.313305, 7.075123, 1.000000))
0.003820@mat4x4((1.000000, 0.000000, 0.000000, 0.000000), (0.000000, 1.000000, 0.000000, 0.000000), (0.000000, 0.000000, 1.000000, 0.000000), (0.000000, 0.000000, 0.000000, 1.000000))@mat4x4((1.000000, 0.000000, 0.000000, 0.000000), (0.000000, 1.000000, 0.000000, 0.000000), (0.000000, 0.000000, 1.000000, 0.000000), (0.000000, 0.000000, 0.000000, 1.000000))@mat4x4((1.000000, -0.000000, 0.000000, 0.000000), (0.000000, 1.000000, 0.000000, 0.000000), (-0.000000, -0.000000, 1.000000, 0.000000), (0.000000, 0.000000, 0.000000, 1.000000))@mat4x4((0.594537, -0.130980, -0.793329, 0.000000), (-0.114644, 0.962755, -0.244869, 0.000000), (0.795854, 0.236534, 0.557377, 0.000000), (14.101757, -17.440361, 11.606415, 1.000000))@mat4x4((1.000000, -0.000000, 0.000000, 0.000000), (0.000000, 1.000000, 0.000000, 0.000000), (-0.000000, -0.000000, 1.000000, 0.000000), (0.000000, 0.000000, 0.000000, 1.000000))@mat4x4((1.000000, -0.000000, 0.000000, 0.000000), (0.000000, 1.000000, 0.000000, 0.000000), (-0.000000, -0.000000, 1.000000, 0.000000), (0.000000, 0.000000, 0.000000, 1.000000))@mat4x4((-0.226692, 0.349987, -0.908912, 0.000000), (0.937348, -0.175086, -0.301203, 0.000000), (-0.264554, -0.920247, -0.288369, 0.000000), (-35.106720, 111.716415, 85.556656, 1.000000))@mat4x4((0.772368, 0.067418, -0.631588, 0.000000), (-0.349006, 0.875842, -0.333308, 0.000000), (0.530700, 0.477865, 0.700002, 0.000000), (165.021683, -23.642155, 98.287308, 1.000000))@mat4x4((0.872796, -0.364152, -0.324994, 0.000000), (-0.085755, -0.769906, 0.632370, 0.000000), (-0.480493, -0.524059, -0.703198, 0.000000), (16.943895, 218.466034, -51.641922, 1.000000))@mat4x4((0.209744, -0.032862, -0.977204, 0.000000), (-0.071381, 0.996254, -0.048823, 0.000000), (0.975147, 0.079995, 0.206612, 0.000000), (-20.404936, -1.156436, -9.625228, 1.000000))@mat4x4((0.762278, 0.023763, -0.646813, 0.000000), (-0.067065, 0.996847, -0.042413, 0.000000), (0.643766, 0.075709, 0.761468, 0.000000), (-0.234097, -0.974464, 13.541756, 1.000000))@mat4x4((0.606941, -0.175678, -0.775087, 0.000000), (-0.135781, 0.938003, -0.318928, 0.000000), (0.783062, 0.298813, 0.545459, 0.000000), (16.376257, -14.790284, 19.576883, 1.000000))@mat4x4((0.413597, -0.503020, -0.758887, 0.000000), (0.403529, 0.848458, -0.342467, 0.000000), (0.816151, -0.164589, 0.553903, 0.000000), (-36.918758, -9.683702, 21.216663, 1.000000))@mat4x4((0.513219, 0.463455, -0.722370, 0.000000), (0.422203, 0.596456, 0.682632, 0.000000), (0.747230, -0.655325, 0.110440, 0.000000), (-36.302330, 12.585831, -77.184128, 1.000000))@mat4x4((0.612097, 0.337119, -0.715324, 0.000000), (-0.253742, 0.940475, 0.226104, 0.000000), (0.748967, 0.043111, 0.661203, 0.000000), (-1.832101, -5.136983, -54.049843, 1.000000))@mat4x4((0.657411, 0.321344, -0.681579, 0.000000), (0.436008, 0.575501, 0.691879, 0.000000), (0.614580, -0.752022, 0.238232, 0.000000), (-38.845470, 15.918964, -78.488708, 1.000000))@mat4x4((0.663848, 0.350330, -0.660739, 0.000000), (-0.257503, 0.936547, 0.237851, 0.000000), (0.702138, 0.012246, 0.711935, 0.000000), (-2.287392, -5.057165, -55.548477, 1.000000))@mat4x4((0.758754, 0.024890, -0.650902, 0.000000), (-0.067476, 0.996898, -0.040535, 0.000000), (0.647873, 0.074676, 0.758079, 0.000000), (-6.029404, -0.813177, -52.341217, 1.000000))@mat4x4((0.766198, 0.026068, -0.642076, 0.000000), (-0.086470, 0.994272, -0.062818, 0.000000), (0.636760, 0.103651, 0.764063, 0.000000), (-6.201516, -0.583990, -52.385727, 1.000000))@mat4x4((0.337038, -0.454360, -0.824599, 0.000000), (-0.183732, 0.827262, -0.530924, 0.000000), (0.923390, 0.330447, 0.195338, 0.000000), (-7.029837, -8.750657, 30.931759, 1.000000))@mat4x4((0.499919, -0.514269, -0.696856, 0.000000), (0.391548, 0.851898, -0.347794, 0.000000), (0.772510, -0.098984, 0.627241, 0.000000), (-34.973476, -10.141595, 22.247997, 1.000000))@mat4x4((0.324084, -0.460988, -0.826111, 0.000000), (-0.182009, 0.826545, -0.532632, 0.000000), (0.928355, 0.322977, 0.183966, 0.000000), (-7.314547, -8.792443, 31.021545, 1.000000))@mat4x4((0.207410, -0.033054, -0.977696, 0.000000), (-0.071095, 0.996277, -0.048765, 0.000000), (0.975667, 0.079623, 0.204288, 0.000000), (-11.182591, -1.804894, 21.753469, 1.000000))@mat4x4((0.206169, -0.032079, -0.977991, 0.000000), (-0.072570, 0.996209, -0.047975, 0.000000), (0.975822, 0.080864, 0.203059, 0.000000), (-11.199159, -1.776643, 21.735720, 1.000000))@mat4x4((0.610222, -0.254163, -0.750354, 0.000000), (-0.198410, 0.867927, -0.455343, 0.000000), (0.766983, 0.426738, 0.479199, 0.000000), (24.334044, -6.106584, 36.976330, 1.000000))@mat4x4((0.613294, -0.329539, -0.717827, 0.000000), (-0.210387, 0.807821, -0.550602, 0.000000), (0.761320, 0.488702, 0.426100, 0.000000), (26.025312, 2.088987, 50.506992, 1.000000))@mat4x4((0.791706, -0.285487, -0.540091, 0.000000), (-0.139015, 0.776702, -0.614336, 0.000000), (0.594875, 0.561454, 0.575233, 0.000000), (16.293612, 6.789357, 60.471519, 1.000000))@mat4x4((0.568325, -0.194556, -0.799472, 0.000000), (-0.340376, 0.829015, -0.443710, 0.000000), (0.749100, 0.524292, 0.404927, 0.000000), (46.007523, -1.747942, 34.617752, 1.000000))@mat4x4((0.850610, -0.168573, -0.498042, 0.000000), (-0.029147, 0.930639, -0.364776, 0.000000), (0.524988, 0.324799, 0.786698, 0.000000), (-0.945474, -16.165237, 19.330582, 1.000000))@mat4x4((0.904004, 0.290696, -0.313485, 0.000000), (-0.350379, 0.923921, -0.153640, 0.000000), (0.244973, 0.248729, 0.937082, 0.000000), (53.337517, -14.750747, -16.208767, 1.000000))@mat4x4((0.464390, 0.099831, -0.879986, 0.000000), (0.508330, 0.783608, 0.357155, 0.000000), (0.725219, -0.613183, 0.313153, 0.000000), (-78.841179, 10.869152, -82.809563, 1.000000))@mat4x4((0.483378, 0.042331, -0.874388, 0.000000), (0.454588, -0.865740, 0.209393, 0.000000), (-0.748128, -0.498702, -0.437722, 0.000000), (-54.326572, 223.155060, -54.669491, 1.000000))@mat4x4((0.180351, 0.208508, -0.961249, 0.000000), (0.251827, 0.934913, 0.250043, 0.000000), (0.950819, -0.287164, 0.116104, 0.000000), (-37.649460, -16.844511, -63.440235, 1.000000))@mat4x4((0.869944, -0.377418, -0.317419, 0.000000), (-0.100406, -0.765726, 0.635282, 0.000000), (-0.482822, -0.520789, -0.704033, 0.000000), (-14.734672, 235.680450, -133.531418, 1.000000))@mat4x4((0.483378, 0.042331, -0.874388, 0.000000), (0.454587, -0.865740, 0.209392, 0.000000), (-0.748128, -0.498701, -0.437722, 0.000000), (-54.535839, 223.108582, -54.585289, 1.000000))@mat4x4((0.786665, -0.336743, -0.517458, 0.000000), (0.139560, -0.719462, 0.680366, 0.000000), (-0.601399, -0.607437, -0.518979, 0.000000), (-35.894585, 227.253693, -124.041031, 1.000000))@mat4x4((0.623272, 0.108568, -0.774432, 0.000000), (0.614633, -0.680288, 0.399293, 0.000000), (-0.483486, -0.724860, -0.490733, 0.000000), (-73.470146, 194.193451, -78.211861, 1.000000))@mat4x4((0.025963, 0.459672, -0.887709, 0.000000), (0.923194, -0.351652, -0.155091, 0.000000), (-0.383455, -0.815502, -0.433496, 0.000000), (-66.621803, 139.287018, -14.981701, 1.000000))@mat4x4((0.482746, 0.332242, -0.810291, 0.000000), (0.791661, -0.561184, 0.241546, 0.000000), (-0.374471, -0.758082, -0.533932, 0.000000), (-81.987274, 167.991943, -60.190445, 1.000000))@mat4x4((0.973457, -0.228732, -0.008066, 0.000000), (-0.110246, -0.499496, 0.859273, 0.000000), (-0.200571, -0.835575, -0.511455, 0.000000), (-18.851179, 197.011429, -174.637558, 1.000000))@mat4x4((0.949857, -0.312056, 0.019833, 0.000000), (-0.150315, -0.400081, 0.904069, 0.000000), (-0.274185, -0.861717, -0.426927, 0.000000), (-13.965481, 191.005081, -180.346329, 1.000000))@mat4x4((0.886691, -0.452785, 0.093628, 0.000000), (-0.201044, -0.195207, 0.959936, 0.000000), (-0.416367, -0.869989, -0.264118, 0.000000), (-6.666013, 178.002609, -188.625076, 1.000000))@mat4x4((-0.379556, 0.650292, -0.658072, 0.000000), (0.924520, 0.239963, -0.296109, 0.000000), (-0.034644, -0.720790, -0.692287, 0.000000), (-36.778595, 67.441544, -17.366306, 1.000000))@mat4x4((-0.734739, 0.526494, -0.427741, 0.000000), (0.677851, 0.594027, -0.433187, 0.000000), (0.026020, -0.608224, -0.793339, 0.000000), (11.180231, 42.325336, -20.237629, 1.000000))@mat4x4((-0.677981, 0.571212, -0.462665, 0.000000), (0.705442, 0.328679, -0.627951, 0.000000), (-0.206624, -0.752122, -0.625794, 0.000000), (1.634967, 63.934029, 4.279109, 1.000000))@mat4x4((-0.962352, 0.269761, 0.033288, 0.000000), (0.188408, 0.750321, -0.633657, 0.000000), (-0.195912, -0.603529, -0.772897, 0.000000), (71.091110, 43.244148, -28.598789, 1.000000))@mat4x4((-0.123328, 0.626581, -0.769537, 0.000000), (0.976850, -0.059939, -0.205358, 0.000000), (-0.174799, -0.777048, -0.604683, 0.000000), (-58.181824, 97.657784, -18.872730, 1.000000))@mat4x4((-0.683229, 0.564297, -0.463429, 0.000000), (0.729329, 0.496309, -0.470911, 0.000000), (-0.035730, -0.659732, -0.750650, 0.000000), (4.359522, 49.238979, -15.062939, 1.000000))@mat4x4((0.447027, 0.329864, -0.831479, 0.000000), (0.794522, -0.573477, 0.199648, 0.000000), (-0.410977, -0.749876, -0.518444, 0.000000), (-78.106911, 168.298294, -55.413414, 1.000000))@mat4x4((-0.472401, 0.609011, -0.637137, 0.000000), (0.874732, 0.235307, -0.423645, 0.000000), (-0.108081, -0.757455, -0.643880, 0.000000), (-23.061804, 71.643677, -8.851987, 1.000000))@mat4x4((0.580888, -0.151376, -0.799785, 0.000000), (-0.456728, 0.752693, -0.474187, 0.000000), (0.673772, 0.640733, 0.368092, 0.000000), (59.309902, 11.979345, 36.899601, 1.000000))@mat4x4((0.583629, 0.283093, -0.761076, 0.000000), (-0.702880, 0.645451, -0.298917, 0.000000), (0.406616, 0.709402, 0.575684, 0.000000), (94.325722, 41.851494, 13.278281, 1.000000))@mat4x4((0.382545, -0.313020, -0.869297, 0.000000), (-0.229804, 0.879060, -0.417664, 0.000000), (0.894902, 0.359543, 0.264347, 0.000000), (19.720078, -7.046846, 28.223555, 1.000000))@mat4x4((0.771088, 0.075344, -0.632255, 0.000000), (-0.354685, 0.875475, -0.328240, 0.000000), (0.528792, 0.477354, 0.701792, 0.000000), (66.061234, 4.493361, 23.775282, 1.000000))@mat4x4((0.583629, 0.283093, -0.761076, 0.000000), (-0.702881, 0.645451, -0.298917, 0.000000), (0.406615, 0.709402, 0.575684, 0.000000), (94.348595, 41.862518, 13.261302, 1.000000))@mat4x4((0.817067, -0.047806, -0.574557, 0.000000), (-0.170932, 0.931665, -0.320597, 0.000000), (0.550621, 0.360159, 0.753062, 0.000000), (50.060230, -9.877488, 26.962444, 1.000000))@mat4x4((0.777685, 0.081268, -0.623380, 0.000000), (-0.350205, 0.879501, -0.322233, 0.000000), (0.522076, 0.468906, 0.712435, 0.000000), (66.020912, 4.437766, 23.761702, 1.000000))@mat4x4((0.568322, 0.177003, -0.803542, 0.000000), (-0.598451, 0.759143, -0.256044, 0.000000), (0.564683, 0.626396, 0.537365, 0.000000), (78.204887, 22.971821, 5.376059, 1.000000))@mat4x4((0.718630, 0.134347, -0.682292, 0.000000), (-0.494626, 0.788409, -0.365727, 0.000000), (0.488790, 0.600302, 0.633026, 0.000000), (77.034058, 17.543997, 24.245918, 1.000000))@mat4x4((0.948455, -0.010522, -0.316739, 0.000000), (-0.164658, 0.837596, -0.520885, 0.000000), (0.270780, 0.546189, 0.792689, 0.000000), (54.812550, 3.910611, 63.003742, 1.000000))@mat4x4((0.948454, -0.010523, -0.316740, 0.000000), (-0.164659, 0.837595, -0.520886, 0.000000), (0.270781, 0.546191, 0.792687, 0.000000), (54.818989, 3.916074, 63.008995, 1.000000))@mat4x4((0.948454, -0.010522, -0.316740, 0.000000), (-0.164659, 0.837596, -0.520885, 0.000000), (0.270780, 0.546190, 0.792688, 0.000000), (54.825512, 3.920903, 63.010983, 1.000000))@mat4x4((0.683769, 0.214067, -0.697593, 0.000000), (-0.589027, 0.726204, -0.354508, 0.000000), (0.430706, 0.653303, 0.622646, 0.000000), (83.910011, 29.184069, 22.077608, 1.000000))@mat4x4((0.511020, 0.437391, -0.739965, 0.000000), (-0.791978, 0.574196, -0.207534, 0.000000), (0.334112, 0.692090, 0.639829, 0.000000), (91.377556, 58.955700, 5.187445, 1.000000))@mat4x4((0.391631, 0.401593, -0.827858, 0.000000), (-0.780831, 0.621016, -0.068130, 0.000000), (0.486752, 0.673099, 0.556785, 0.000000), (84.788567, 51.602501, -15.024588, 1.000000))@mat4x4((0.168519, 0.579231, -0.797554, 0.000000), (-0.899006, 0.422125, 0.116616, 0.000000), (0.404215, 0.697354, 0.591868, 0.000000), (81.299255, 82.854767, -30.947592, 1.000000))@mat4x4((0.763482, 0.145131, -0.629311, 0.000000), (-0.405865, 0.865784, -0.292730, 0.000000), (0.502363, 0.478909, 0.719914, 0.000000), (70.509941, 10.113738, 20.470112, 1.000000))@mat4x4((0.637062, 0.398154, -0.660019, 0.000000), (-0.646876, 0.741796, -0.176891, 0.000000), (0.419169, 0.539641, 0.730126, 0.000000), (84.598000, 39.487465, 7.336294, 1.000000))@mat4x4((0.816382, 0.050560, -0.575295, 0.000000), (-0.223466, 0.946218, -0.233954, 0.000000), (0.532525, 0.319554, 0.783774, 0.000000), (55.135979, -5.295495, 18.489466, 1.000000))@mat4x4((0.728567, 0.319605, -0.605841, 0.000000), (-0.491101, 0.860304, -0.136740, 0.000000), (0.477504, 0.397153, 0.783747, 0.000000), (74.830879, 21.313305, 7.075123, 1.000000))
0.007639@mat4x4((1.000000, 0.000000, 0.000000, 0.000000), (0.000000, 1.000000, 0.000000, 0.000000), (0.000000, 0.000000, 1.000000, 0.000000), (0.000000, 0.000000, 0.000000, 1.000000))@mat4x4((1.000000, 0.000000, 0.000000, 0.000000), (0.000000, 1.000000, 0.000000, 0.000000), (0.000000, 0.000000, 1.000000, 0.000000), (0.000000, 0.000000, 0.000000, 1.000000))@mat4x4((1.000000, -0.000000, 0.000000, 0.000000), (0.000000, 1.000000, 0.000000, 0.000000), (-0.000000, -0.000000, 1.000000, 0.000000), (0.000000, 0.000000, 0.000000, 1.000000))@mat4x4((0.594537, -0.130980, -0.793329, 0.000000), (-0.114644, 0.962755, -0.244869, 0.000000), (0.795854, 0.236534, 0.557377, 0.000000), (14.101757, -17.440361, 11.606415, 1.000000))@mat4x4((1.000000, -0.000000, 0.000000, 0.000000), (0.000000, 1.000000, 0.000000, 0.000000), (-0.000000, -0.000000, 1.000000, 0.000000), (0.000000, 0.000000, 0.000000, 1.000000))@mat4x4((1.000000, -0.000000, 0.000000, 0.000000), (0.000000, 1.000000, 0.000000, 0.000000), (-0.000000, -0.000000, 1.000000, 0.000000), (0.000000, 0.000000, 0.000000, 1.000000))@mat4x4((-0.226692, 0.349987, -0.908912, 0.000000), (0.937348, -0.175086, -0.301203, 0.000000), (-0.264554, -0.920247, -0.288369, 0.000000), (-35.106720, 111.716415, 85.556656, 1.000000))@mat4x4((0.772368, 0.067418, -0.631588, 0.000000), (-0.349006, 0.875842, -0.333308, 0.000000), (0.530700, 0.477865, 0.700002, 0.000000), (165.021683, -23.642155, 98.287308, 1.000000))@mat4x4((0.872796, -0.364152, -0.324994, 0.000000), (-0.085755, -0.769906, 0.632370, 0.000000), (-0.480493, -0.524059, -0.703198, 0.000000), (16.943895, 218.466034, -51.641922, 1.000000))@mat4x4((0.209744, -0.032862, -0.977204, 0.000000), (-0.071381, 0.996254, -0.048823, 0.000000), (0.975147, 0.079995, 0.206612, 0.000000), (-20.404936, -1.156436, -9.625228, 1.000000))@mat4x4((0.762278, 0.023763, -0.646813, 0.000000), (-0.067065, 0.996847, -0.042413, 0.000000), (0.643766, 0.075709, 0.761468, 0.000000), (-0.234097, -0.974464, 13.541756, 1.000000))@mat4x4((0.606941, -0.175678, -0.775087, 0.000000), (-0.135781, 0.938003, -0.318928, 0.000000), (0.783062, 0.298813, 0.545459, 0.000000), (16.376257, -14.790284, 19.576883, 1.000000))@mat4x4((0.413597, -0.503020, -0.758887, 0.000000), (0.403529, 0.848458, -0.342467, 0.000000), (0.816151, -0.164589, 0.553903, 0.000000), (-36.918758, -9.683702, 21.216663, 1.000000))@mat4x4((0.513219, 0.463455, -0.722370, 0.000000), (0.422203, 0.596456, 0.682632, 0.000000), (0.747230, -0.655325, 0.110440, 0.000000), (-36.302330, 12.585831, -77.184128, 1.000000))@mat4x4((0.612097, 0.337119, -0.715324, 0.000000), (-0.253742, 0.940475, 0.226104, 0.000000), (0.748967, 0.043111, 0.661203, 0.000000), (-1.832101, -5.136983, -54.049843, 1.000000))@mat4x4((0.657411, 0.321344, -0.681579, 0.000000), (0.436008, 0.575501, 0.691879, 0.000000), (0.614580, -0.752022, 0.238232, 0.000000), (-38.845470, 15.918964, -78.488708, 1.000000))@mat4x4((0.663848, 0.350330, -0.660739, 0.000000), (-0.257503, 0.936547, 0.237851, 0.000000), (0.702138, 0.012246, 0.711935, 0.000000), (-2.287392, -5.057165, -55.548477, 1.000000))@mat4x4((0.758754, 0.024890, -0.650902, 0.000000), (-0.067476, 0.996898, -0.040535, 0.000000), (0.647873, 0.074676, 0.758079, 0.000000), (-6.029404, -0.813177, -52.341217, 1.000000))@mat4x4((0.766198, 0.026068, -0.642076, 0.000000), (-0.086470, 0.994272, -0.062818, 0.000000), (0.636760, 0.103651, 0.764063, 0.000000), (-6.201516, -0.583990, -52.385727, 1.000000))@mat4x4((0.337038, -0.454360, -0.824599, 0.000000), (-0.183732, 0.827262, -0.530924, 0.000000), (0.923390, 0.330447, 0.195338, 0.000000), (-7.029837, -8.750657, 30.931759, 1.000000))@mat4x4((0.499919, -0.514269, -0.696856, 0.000000), (0.391548, 0.851898, -0.347794, 0.000000), (0.772510, -0.098984, 0.627241, 0.000000), (-34.973476, -10.141595, 22.247997, 1.000000))@mat4x4((0.324084, -0.460988, -0.826111, 0.000000), (-0.182009, 0.826545, -0.532632, 0.000000), (0.928355, 0.322977, 0.183966, 0.000000), (-7.314547, -8.792443, 31.021545, 1.000000))@mat4x4((0.207410, -0.033054, -0.977696, 0.000000), (-0.071095, 0.996277, -0.048765, 0.000000), (0.975667, 0.079623, 0.204288, 0.000000), (-11.182591, -1.804894, 21.753469, 1.000000))@mat4x4((0.206169, -0.032079, -0.977991, 0.000000), (-0.072570, 0.996209, -0.047975, 0.000000), (0.975822, 0.080864, 0.203059, 0.000000), (-11.199159, -1.776643, 21.735720, 1.000000))@mat4x4((0.610222, -0.254163, -0.750354, 0.000000), (-0.198410, 0.867927, -0.455343, 0.000000), (0.766983, 0.426738, 0.479199, 0.000000), (24.334044, -6.106584, 36.976330, 1.000000))@mat4x4((0.613294, -0.329539, -0.717827, 0.000000), (-0.210387, 0.807821, -0.550602, 0.000000), (0.761320, 0.488702, 0.426100, 0.000000), (26.025312, 2.088987, 50.506992, 1.000000))@mat4x4((0.791706, -0.285487, -0.540091, 0.000000), (-0.139015, 0.776702, -0.614336, 0.000000), (0.594875, 0.561454, 0.575233, 0.000000), (16.293612, 6.789357, 60.471519, 1.000000))@mat4x4((0.568325, -0.194556, -0.799472, 0.000000), (-0.340376, 0.829015, -0.443710, 0.000000), (0.749100, 0.524292, 0.404927, 0.000000), (46.007523, -1.747942, 34.617752, 1.000000))@mat4x4((0.850610, -0.168573, -0.498042, 0.000000), (-0.029147, 0.930639, -0.364776, 0.000000), (0.524988, 0.324799, 0.786698, 0.000000), (-0.945474, -16.165237, 19.330582, 1.000000))@mat4x4((0.904004, 0.290696, -0.313485, 0.000000), (-0.350379, 0.923921, -0.153640, 0.000000), (0.244973, 0.248729, 0.937082, 0.000000), (53.337517, -14.750747, -16.208767, 1.000000))@mat4x4((0.464390, 0.099831, -0.879986, 0.000000), (0.508330, 0.783608, 0.357155, 0.000000), (0.725219, -0.613183, 0.313153, 0.000000), (-78.841179, 10.869152, -82.809563, 1.000000))@mat4x4((0.483378, 0.042331, -0.874388, 0.000000), (0.454588, -0.865740, 0.209393, 0.000000), (-0.748128, -0.498702, -0.437722, 0.000000), (-54.326572, 223.155060, -54.669491, 1.000000))@mat4x4((0.180351, 0.208508, -0.961249, 0.000000), (0.251827, 0.934913, 0.250043, 0.000000), (0.950819, -0.287164, 0.116104, 0.000000), (-37.649460, -16.844511, -63.440235, 1.000000))@mat4x4((0.869944, -0.377418, -0.317419, 0.000000), (-0.100406, -0.765726, 0.635282, 0.000000), (-0.482822, -0.520789, -0.704033, 0.000000), (-14.734672, 235.680450, -133.531418, 1.000000))@mat4x4((0.483378, 0.042331, -0.874388, 0.000000), (0.454587, -0.865740, 0.209392, 0.000000), (-0.748128, -0.498701, -0.437722, 0.000000), (-54.535839, 223.108582, -54.585289, 1.000000))@mat4x4((0.786665, -0.336743, -0.517458, 0.000000), (0.139560, -0.719462, 0.680366, 0.000000), (-0.601399, -0.607437, -0.518979, 0.000000), (-35.894585, 227.253693, -124.041031, 1.000000))@mat4x4((0.623272, 0.108568, -0.774432, 0.000000), (0.614633, -0.680288, 0.399293, 0.000000), (-0.483486, -0.724860, -0.490733, 0.000000), (-73.470146, 194.193451, -78.211861, 1.000000))@mat4x4((0.025963, 0.459672, -0.887709, 0.000000), (0.923194, -0.351652, -0.155091, 0.000000), (-0.383455, -0.815502, -0.433496, 0.000000), (-66.621803, 139.287018, -14.981701, 1.000000))@mat4x4((0.482746, 0.332242, -0.810291, 0.000000), (0.791661, -0.561184, 0.241546, 0.000000), (-0.374471, -0.758082, -0.533932, 0.000000), (-81.987274, 167.991943, -60.190445, 1.000000))@mat4x4((0.973457, -0.228732, -0.008066, 0.000000), (-0.110246, -0.499496, 0.859273, 0.000000), (-0.200571, -0.835575, -0.511455, 0.000000), (-18.851179, 197.011429, -174.637558, 1.000000))@mat4x4((0.949857, -0.312056, 0.019833, 0.000000), (-0.150315, -0.400081, 0.904069, 0.000000), (-0.274185, -0.861717, -0.426927, 0.000000), (-13.965481, 191.005081, -180.346329, 1.000000))@mat4x4((0.886691, -0.452785, 0.093628, 0.000000), (-0.201044, -0.195207, 0.959936, 0.000000), (-0.416367, -0.869989, -0.264118, 0.000000), (-6.666013, 178.002609, -188.625076, 1.000000))@mat4x4((-0.379556, 0.650292, -0.658072, 0.000000), (0.924520, 0.239963, -0.296109, 0.000000), (-0.034644, -0.720790, -0.692287, 0.000000), (-36.778595, 67.441544, -17.366306, 1.000000))@mat4x4((-0.734739, 0.526494, -0.427741, 0.000000), (0.677851, 0.594027, -0.433187, 0.000000), (0.026020, -0.608224, -0.793339, 0.000000), (11.180231, 42.325336, -20.237629, 1.000000))@mat4x4((-0.677981, 0.571212, -0.462665, 0.000000), (0.705442, 0.328679, -0.627951, 0.000000), (-0.206624, -0.752122, -0.625794, 0.000000), (1.634967, 63.934029, 4.279109, 1.000000))@mat4x4((-0.962352, 0.269761, 0.033288, 0.000000), (0.188408, 0.750321, -0.633657, 0.000000), (-0.195912, -0.603529, -0.772897, 0.000000), (71.091110, 43.244148, -28.598789, 1.000000))@mat4x4((-0.123328, 0.626581, -0.769537, 0.000000), (0.976850, -0.059939, -0.205358, 0.000000), (-0.174799, -0.777048, -0.604683, 0.000000), (-58.181824, 97.657784, -18.872730, 1.000000))@mat4x4((-0.683229, 0.564297, -0.463429, 0.000000), (0.729329, 0.496309, -0.470911, 0.000000), (-0.035730, -0.659732, -0.750650, 0.000000), (4.359522, 49.238979, -15.062939, 1.000000))@mat4x4((0.447027, 0.329864, -0.831479, 0.000000), (0.794522, -0.573477, 0.199648, 0.000000), (-0.410977, -0.749876, -0.518444, 0.000000), (-78.106911, 168.298294, -55.413414, 1.000000))@mat4x4((-0.472401, 0.609011, -0.637137, 0.000000), (0.874732, 0.235307, -0.423645, 0.000000), (-0.108081, -0.757455, -0.643880, 0.000000), (-23.061804, 71.643677, -8.851987, 1.000000))@mat4x4((0.580888, -0.151376, -0.799785, 0.000000), (-0.456728, 0.752693, -0.474187, 0.000000), (0.673772, 0.640733, 0.368092, 0.000000), (59.309902, 11.979345, 36.899601, 1.000000))@mat4x4((0.583629, 0.283093, -0.761076, 0.000000), (-0.702880, 0.645451, -0.298917, 0.000000), (0.406616, 0.709402, 0.575684, 0.000000), (94.325722, 41.851494, 13.278281, 1.000000))@mat4x4((0.382545, -0.313020, -0.869297, 0.000000), (-0.229804, 0.879060, -0.417664, 0.000000), (0.894902, 0.359543, 0.264347, 0.000000), (19.720078, -7.046846, 28.223555, 1.000000))@mat4x4((0.771088, 0.075344, -0.632255, 0.000000), (-0.354685, 0.875475, -0.328240, 0.000000), (0.528792, 0.477354, 0.701792, 0.000000), (66.061234, 4.493361, 23.775282, 1.000000))@mat4x4((0.583629, 0.283093, -0.761076, 0.000000), (-0.702881, 0.645451, -0.298917, 0.000000), (0.406615, 0.709402, 0.575684, 0.000000), (94.348595, 41.862518, 13.261302, 1.000000))@mat4x4((0.817067, -0.047806, -0.574557, 0.000000), (-0.170932, 0.931665, -0.320597, 0.000000), (0.550621, 0.360159, 0.753062, 0.000000), (50.060230, -9.877488, 26.962444, 1.000000))@mat4x4((0.777685, 0.081268, -0.623380, 0.000000), (-0.350205, 0.879501, -0.322233, 0.000000), (0.522076, 0.468906, 0.712435, 0.000000), (66.020912, 4.437766, 23.761702, 1.000000))@mat4x4((0.568322, 0.177003, -0.803542, 0.000000), (-0.598451, 0.759143, -0.256044, 0.000000), (0.564683, 0.626396, 0.537365, 0.000000), (78.204887, 22.971821, 5.376059, 1.000000))@mat4x4((0.718630, 0.134347, -0.682292, 0.000000), (-0.494626, 0.788409, -0.365727, 0.000000), (0.488790, 0.600302, 0.633026, 0.000000), (77.034058, 17.543997, 24.245918, 1.000000))@mat4x4((0.948455, -0.010522, -0.316739, 0.000000), (-0.164658, 0.837596, -0.520885, 0.000000), (0.270780, 0.546189, 0.792689, 0.000000), (54.812550, 3.910611, 63.003742, 1.000000))@mat4x4((0.948454, -0.010523, -0.316740, 0.000000), (-0.164659, 0.837595, -0.520886, 0.000000), (0.270781, 0.546191, 0.792687, 0.000000), (54.818989, 3.916074, 63.008995, 1.000000))@mat4x4((0.948454, -0.010522, -0.316740, 0.000000), (-0.164659, 0.837596, -0.520885, 0.000000), (0.270780, 0.546190, 0.792688, 0.000000), (54.825512, 3.920903, 63.010983, 1.000000))@mat4x4((0.683769, 0.214067, -0.697593, 0.000000), (-0.589027, 0.726204, -0.354508, 0.000000), (0.430706, 0.653303, 0.622646, 0.000000), (83.910011, 29.184069, 22.077608, 1.000000))@mat4x4((0.511020, 0.437391, -0.739965, 0.000000), (-0.791978, 0.574196, -0.207534, 0.000000), (0.334112, 0.692090, 0.639829, 0.000000), (91.377556, 58.955700, 5.187445, 1.000000))@mat4x4((0.391631, 0.401593, -0.827858, 0.000000), (-0.780831, 0.621016, -0.068130, 0.000000), (0.486752, 0.673099, 0.556785, 0.000000), (84.788567, 51.602501, -15.024588, 1.000000))@mat4x4((0.168519, 0.579231, -0.797554, 0.000000), (-0.899006, 0.422125, 0.116616, 0.000000), (0.404215, 0.697354, 0.591868, 0.000000), (81.299255, 82.854767, -30.947592, 1.000000))@mat4x4((0.763482, 0.145131, -0.629311, 0.000000), (-0.405865, 0.865784, -0.292730, 0.000000), (0.502363, 0.478909, 0.719914, 0.000000), (70.509941, 10.113738, 20.470112, 1.000000))@mat4x4((0.637062, 0.398154, -0.660019, 0.000000), (-0.646876, 0.741796, -0.176891, 0.000000), (0.419169, 0.539641, 0.730126, 0.000000), (84.598000, 39.487465, 7.336294, 1.000000))@mat4x4((0.816382, 0.050560, -0.575295, 0.000000), (-0.223466, 0.946218, -0.233954, 0.000000), (0.532525, 0.319554, 0.783774, 0.000000), (55.135979, -5.295495, 18.489466, 1.000000))@mat4x4((0.728567, 0.319605, -0.605841, 0.000000), (-0.491101, 0.860304, -0.136740, 0.000000), (0.477504, 0.397153, 0.783747, 0.000000), (74.830879, 21.313305, 7.075123, 1.000000))
